0.62977487433856
0.6250283983685416
0.6202210701424973
0.6153521095032985
0.6104207262918023
0.6054261202186204
0.6003674807342437
0.5952439868975032
0.590054807242343
0.584799099642886
0.5794760111767692
0.5740846779867277
0.5686242251404037
0.5630937664883576
0.5574924045202596
0.5518192302192374
0.5460733229143558
0.5402537501312066
0.534359567440581
0.5283898183052038
0.5223435339245014
0.5162197330773797
0.5100174219629872
0.5037355940394357
0.49737322986045407
0.49092929690994713
0.4844027494344336
0.4777925282733366
0.4710975606870974
0.4643167601830859
0.4574490263392793
0.4504932446256803
0.44344828622344545
0.4363130078416948
0.429086251531973
0.42176684450033164
0.4143535989170025
0.4068453117236308
0.39924076443803636
0.39153872295647274
0.3837379373533507
0.37583714167839366
0.36783505375119363
0.359730374953132
0.35152179001663375
0.34320796681171883
0.3347875561298178
0.3262591914648155
0.3176214887912875
0.30887304633989376
0.3000124443698925
0.2910382449387373
0.2819489916687211
0.2727432095106278
0.26341940450435386
0.25397606353646096
0.24441165409462073
0.2347246240189108
0.22491340124992254
0.2149763935736395
0.20491198836304514
0.19471855231641755
0.18439443119226917
0.17393794954088804
0.16334741043243783
0.15262109518157174
0.141757263068515
0.13075415105657295
0.11960997350601621
0.10832292188429848
0.09689116447255874
0.08531284606836087
0.07358608768462194
0.06170898624468124
0.04967961427345924
0.037496019584657536
0.025156224963947982
0.012658227848101222
0.0